5	0	1	6
1	7	0	8
3	1	6	10
2	0	9	11
2	5	9	16
6	4	7	17
13	7	0	20
11	1	9	21
5	12	6	23
4	18	3	25
16	6	3	25
3	2	20	25
2	13	11	26
2	2	23	27
2	17	8	27
8	19	0	27
4	20	3	27
17	3	7	27
0	3	24	27
5	1	22	28
17	10	1	28
4	24	0	28
2	5	22	29
14	15	0	29
3	7	20	30
10	3	18	31
12	7	15	34
2	26	6	34
1	14	19	34
29	1	4	34
10	4	21	35
13	14	9	36
18	5	14	37
20	11	6	37
19	16	2	37
23	8	6	37
19	1	17	37
4	27	7	38
21	13	4	38
14	9	16	39
17	9	13	39
14	17	8	39
9	0	30	39
1	19	20	40
13	24	3	40
3	6	31	40
12	27	1	40
3	13	25	41
10	11	20	41
22	17	2	41
10	3	29	42
2	39	1	42
0	17	26	43
4	12	27	43
5	23	16	44
33	7	4	44
29	9	6	44
14	25	5	44
35	3	7	45
2	35	8	45
19	17	9	45
11	32	2	45
16	24	5	45
14	25	6	45
13	28	5	46
0	4	42	46
20	4	22	46
0	44	3	47
0	18	29	47
35	8	4	47
11	18	18	47
40	0	7	47
20	9	18	47
8	34	5	47
39	1	7	47
17	30	1	48
29	11	8	48
4	2	42	48
22	26	0	48
8	18	22	48
33	12	3	48
15	31	2	48
15	1	32	48
2	7	39	48
8	0	41	49
19	15	15	49
21	23	5	49
28	11	10	49
10	10	29	49
27	1	22	50
0	42	8	50
30	4	16	50
13	0	37	50
12	28	11	51
31	9	11	51
43	8	0	51
33	4	14	51
4	1	46	51
5	7	40	52
1	11	40	52
27	6	19	52
9	14	29	52
2	17	33	52
10	42	0	52
5	42	5	52
11	12	30	53
15	28	10	53
10	39	4	53
23	14	16	53
32	9	12	53
8	40	5	53
14	33	6	53
20	25	9	54
25	17	12	54
4	4	46	54
6	41	8	55
6	4	46	56
5	0	51	56
1	45	10	56
31	14	11	56
32	4	20	56
15	15	26	56
4	42	10	56
17	35	4	56
51	3	2	56
6	36	15	57
4	35	18	57
19	0	38	57
4	49	4	57
39	9	9	57
46	2	9	57
5	19	33	57
22	14	21	57
8	3	47	58
8	46	4	58
1	10	47	58
3	16	39	58
13	0	45	58
2	31	26	59
10	2	47	59
22	25	12	59
40	2	17	59
13	45	1	59
4	12	43	59
9	28	22	59
11	28	20	59
20	25	14	59
17	28	15	60
28	20	12	60
29	17	14	60
6	15	39	60
24	29	7	60
15	20	25	60
35	8	17	60
10	5	45	60
9	12	39	60
1	12	47	60
21	14	25	60
34	26	0	60
21	1	38	60
11	35	14	60
13	44	3	60
39	21	0	60
25	4	31	60
32	23	5	60
13	42	6	61
11	12	38	61
12	11	38	61
2	25	34	61
17	17	27	61
11	5	45	61
26	19	16	61
42	7	12	61
35	4	22	61
25	8	28	61
6	15	40	61
51	9	1	61
24	21	17	62
0	27	35	62
13	43	6	62
2	55	5	62
10	37	15	62
8	6	48	62
26	13	23	62
36	20	6	62
10	25	27	62
15	46	2	63
33	19	11	63
3	6	54	63
15	47	1	63
54	4	5	63
24	2	37	63
14	45	4	63
24	39	0	63
10	53	0	63
14	44	5	63
37	5	21	63
2	59	2	63
53	3	7	63
26	9	28	63
12	16	36	64
28	35	1	64
12	12	40	64
29	30	5	64
6	37	21	64
6	27	32	65
18	37	10	65
8	27	30	65
17	1	47	65
21	40	4	65
8	15	42	65
23	8	34	65
7	35	24	66
0	50	16	66
8	26	32	66
13	35	18	66
8	4	54	66
21	44	2	67
15	49	3	67
5	0	62	67
20	24	23	67
51	1	15	67
14	29	24	67
17	34	16	67
7	18	42	67
48	0	19	67
5	47	15	67
18	17	33	68
27	38	3	68
7	42	19	68
29	27	12	68
10	16	42	68
4	62	2	68
41	26	1	68
7	49	13	69
50	16	3	69
31	2	36	69
8	57	4	69
5	20	44	69
35	29	5	69
4	27	38	69
6	39	24	69
32	31	6	69
26	20	23	69
11	49	9	69
8	52	9	69
20	2	47	69
52	0	17	69
18	5	47	70
11	25	34	70
27	11	32	70
12	53	5	70
6	0	64	70
53	13	4	70
15	4	51	70
5	10	55	70
69	0	1	70
12	53	5	70
47	20	3	70
13	47	10	70
44	25	1	70
0	23	47	70
3	17	51	71
50	8	13	71
13	18	40	71
39	32	0	71
13	53	5	71
28	34	9	71
6	24	41	71
46	0	25	71
6	57	8	71
38	22	11	71
58	6	7	71
4	1	66	71
4	41	26	71
36	0	35	71
51	4	16	71
38	30	4	72
32	34	6	72
28	15	29	72
6	56	10	72
37	25	10	72
12	41	19	72
27	38	7	72
1	23	48	72
54	16	2	72
7	54	11	72
37	13	22	72
25	23	24	72
45	1	27	73
20	45	8	73
23	10	40	73
10	44	19	73
0	65	8	73
8	41	24	73
43	29	1	73
30	11	32	73
3	33	38	74
10	25	39	74
26	29	19	74
28	38	8	74
32	7	35	74
10	19	45	74
9	39	26	74
34	27	13	74
12	7	55	74
10	47	17	74
58	16	0	74
19	34	22	75
13	4	58	75
7	34	34	75
22	32	21	75
26	30	19	75
12	9	54	75
15	59	1	75
3	16	56	75
3	5	67	75
12	11	52	75
21	41	13	75
2	56	17	75
8	33	34	75
16	35	24	75
23	32	20	75
3	45	27	75
19	25	31	75
3	16	57	76
24	44	8	76
14	58	4	76
6	21	49	76
31	28	17	76
54	11	11	76
37	12	27	76
31	31	14	76
37	1	38	76
17	23	36	76
29	1	47	77
64	13	0	77
31	13	33	77
18	28	31	77
10	10	57	77
56	10	11	77
54	21	2	77
51	11	15	77
37	21	19	77
7	16	54	77
12	52	13	77
56	13	8	77
8	19	50	77
66	9	2	77
18	0	60	78
2	32	44	78
26	38	14	78
42	1	35	78
9	66	3	78
47	3	28	78
7	43	28	78
14	60	4	78
33	35	10	78
34	27	17	78
63	12	3	78
53	3	22	78
38	4	36	78
16	21	41	78
14	10	54	78
0	61	17	78
61	8	9	78
68	1	9	78
21	24	33	78
31	15	33	79
4	45	30	79
22	46	11	79
15	64	0	79
48	27	4	79
23	49	7	79
33	31	15	79
44	1	34	79
56	0	23	79
25	35	19	79
22	47	10	79
18	27	34	79
0	20	59	79
41	10	28	79
5	57	17	79
57	2	21	80
19	51	10	80
22	36	22	80
3	50	27	80
36	19	25	80
2	54	24	80
13	52	15	80
15	50	15	80
61	10	9	80
48	5	27	80
40	37	4	81
31	37	13	81
41	5	35	81
22	0	59	81
12	53	16	81
53	14	14	81
1	9	71	81
2	72	7	81
32	16	33	81
20	5	56	81
25	26	30	81
39	9	33	81
12	3	67	82
2	63	17	82
20	5	57	82
41	30	11	82
26	6	50	82
38	8	36	82
34	12	36	82
14	32	36	82
16	31	35	82
62	2	18	82
47	23	12	82
37	26	19	82
38	18	26	82
18	53	12	83
29	3	51	83
34	1	48	83
39	33	11	83
45	30	8	83
19	20	44	83
23	36	24	83
40	4	39	83
1	17	65	83
72	10	1	83
21	60	2	83
9	62	12	83
38	37	8	83
7	57	19	83
2	71	10	83
24	51	8	83
33	4	46	83
16	57	11	84
2	37	45	84
51	23	10	84
6	13	65	84
22	12	50	84
12	19	53	84
68	8	8	84
6	75	3	84
42	21	21	84
15	15	54	84
28	39	17	84
76	6	2	84
0	26	58	84
3	58	23	84
10	72	2	84
1	17	67	85
39	44	2	85
5	20	60	85
23	14	48	85
0	62	23	85
32	50	3	85
71	6	8	85
39	15	31	85
71	11	3	85
24	10	51	85
5	58	22	85
5	26	54	85
33	34	18	85
33	18	34	85
32	47	6	85
31	41	13	85
23	11	51	85
49	28	8	85
0	14	72	86
21	8	57	86
35	46	5	86
15	64	7	86
43	15	28	86
3	29	54	86
1	52	33	86
8	46	32	86
17	54	15	86
14	64	9	87
2	57	28	87
12	29	46	87
3	30	54	87
46	20	21	87
20	0	67	87
31	48	8	87
44	30	13	87
44	28	15	87
1	45	41	87
32	12	44	88
73	8	7	88
2	38	48	88
79	3	6	88
7	39	42	88
23	38	27	88
32	3	53	88
55	9	24	88
47	14	27	88
20	40	28	88
22	52	14	88
0	60	28	88
59	1	28	88
54	1	34	89
11	46	32	89
57	30	2	89
5	12	72	89
36	26	27	89
48	11	30	89
3	66	20	89
15	52	22	89
42	2	45	89
79	7	3	89
55	20	14	89
4	16	69	89
43	31	15	89
2	25	62	89
43	7	39	89
0	51	38	89
8	58	24	90
24	24	42	90
5	85	0	90
12	2	76	90
70	7	13	90
60	16	14	90
79	9	2	90
32	4	54	90
31	14	45	90
32	5	53	90
6	78	6	90
1	0	89	90
59	29	2	90
35	4	52	91
3	88	0	91
27	37	27	91
39	36	16	91
34	46	11	91
37	32	22	91
38	10	43	91
0	64	27	91
12	20	59	91
41	14	36	91
17	53	21	91
3	61	27	91
26	8	57	91
47	44	0	91
45	20	27	92
82	8	2	92
33	30	29	92
49	11	32	92
50	36	6	92
46	18	28	92
89	0	3	92
4	60	28	92
66	12	14	92
28	31	33	92
2	78	12	92
58	14	20	92
12	41	39	92
26	18	48	92
69	4	19	92
45	24	23	92
28	20	44	92
3	82	8	93
18	47	28	93
57	14	22	93
23	53	17	93
26	29	38	93
35	42	16	93
18	36	39	93
81	10	2	93
10	70	13	93
17	65	11	93
39	11	43	93
14	57	22	93
31	17	46	94
7	24	63	94
9	29	56	94
39	7	48	94
62	15	17	94
74	19	1	94
35	58	1	94
20	33	41	94
4	33	57	94
10	49	35	94
49	27	18	94
18	18	58	94
37	50	7	94
73	17	4	94
26	28	40	94
87	6	1	94
24	12	58	94
21	42	32	95
24	57	14	95
75	13	7	95
21	5	69	95
13	29	53	95
26	18	51	95
40	5	50	95
2	17	76	95
77	11	7	95
36	53	6	95
40	4	51	95
1	5	89	95
4	64	27	95
56	22	17	95
22	9	64	95
42	40	13	95
12	3	80	95
33	25	37	95
14	2	79	95
4	85	6	95
51	5	39	95
25	46	24	95
68	11	16	95
9	9	77	95
47	13	35	95
82	8	6	96
13	15	68	96
20	25	51	96
53	13	30	96
33	54	9	96
51	45	0	96
22	55	19	96
18	27	51	96
51	2	43	96
8	52	36	96
77	11	8	96
81	5	10	96
24	11	61	96
12	31	53	96
4	91	1	96
8	63	25	96
44	9	43	96
4	40	52	96
73	21	2	96
6	16	74	96
70	9	17	96
8	46	42	96
49	33	15	97
7	50	40	97
28	21	48	97
10	74	13	97
18	14	65	97
24	19	54	97
20	30	47	97
58	21	18	97
61	16	20	97
3	16	78	97
14	5	78	97
76	3	18	97
67	5	25	97
53	13	31	97
46	16	35	97
16	81	0	97
49	18	30	97
12	75	10	97
0	5	92	97
71	6	20	97
25	6	66	97
53	2	42	97
12	71	15	98
27	11	60	98
17	30	51	98
83	14	1	98
53	12	33	98
66	18	14	98
13	16	69	98
29	42	27	98
13	53	32	98
73	10	15	98
47	18	33	98
63	3	32	98
8	32	58	98
0	80	19	99
56	37	6	99
24	18	57	99
25	62	12	99
72	13	14	99
2	70	27	99
3	59	37	99
29	65	5	99
10	16	73	99
56	25	18	99
1	89	9	99
11	41	47	99
41	26	32	99
37	60	2	99
32	16	51	99
3	95	1	99
62	32	5	99
22	2	75	99
15	1	83	99
33	38	28	99
0	43	56	99
11	85	4	100
52	25	23	100
72	4	24	100
2	95	3	100
1	38	61	100
13	9	78	100
37	4	59	100
15	81	4	100
38	27	35	100
54	46	0	100
37	21	42	100
48	8	44	100
3	79	18	100
58	35	8	101
99	1	1	101
9	27	65	101
31	25	45	101
34	61	6	101
3	22	76	101
42	8	51	101
37	59	5	101
69	19	13	101
54	40	7	101
5	51	45	101
55	45	1	101
43	40	18	101
80	0	21	101
37	56	8	101
37	42	22	101
6	74	21	101
17	11	73	101
5	59	37	101
50	27	24	101
28	23	51	102
35	3	64	102
68	4	30	102
16	65	21	102
26	27	49	102
11	27	64	102
2	5	95	102
51	6	45	102
30	60	12	102
5	27	70	102
21	61	20	102
11	11	80	102
22	52	28	102
5	36	61	102
75	10	17	102
19	58	25	102
7	24	71	102
72	16	14	102
0	20	82	102
42	10	50	102
35	4	63	102
21	58	23	102
65	15	22	102
7	77	19	103
17	43	43	103
22	62	19	103
46	7	50	103
40	32	31	103
33	11	59	103
55	5	43	103
48	54	1	103
26	46	31	103
10	35	58	103
10	52	41	103
85	6	12	103
28	60	15	103
6	52	45	103
21	38	44	103
58	14	31	103
89	7	7	103
46	8	49	103
26	52	25	103
22	48	33	103
8	41	54	103
23	41	40	104
64	13	27	104
37	66	1	104
1	10	93	104
10	11	83	104
65	6	33	104
51	43	10	104
39	35	30	104
14	0	90	104
36	14	54	104
55	47	2	104
54	12	38	104
11	3	90	104
12	82	10	104
54	39	11	104
9	27	68	104
38	42	24	104
28	54	22	104
17	21	66	104
14	8	82	104
26	32	46	104
80	9	15	104
1	49	54	104
6	8	90	104
12	27	66	105
6	80	19	105
41	12	52	105
69	33	3	105
22	7	76	105
26	58	21	105
40	56	9	105
75	30	0	105
43	57	5	105
5	45	55	105
30	10	65	105
26	79	0	105
56	5	44	105
24	81	0	105
32	2	71	105
9	57	39	105
53	39	13	105
14	71	21	106
70	23	13	106
38	21	47	106
57	23	26	106
29	14	63	106
3	8	95	106
14	6	86	106
10	87	9	106
93	6	7	106
16	8	82	106
69	4	33	106
8	7	91	106
9	2	95	106
28	40	38	106
25	5	76	106
32	58	17	107
14	66	27	107
15	18	74	107
26	20	61	107
26	30	51	107
15	79	13	107
64	38	5	107
32	36	39	107
5	45	57	107
18	27	62	107
50	30	27	107
55	16	36	107
6	59	42	107
63	7	37	107
52	11	44	107
7	78	22	107
25	28	54	107
95	2	10	107
33	13	61	107
41	56	10	107
8	42	57	107
48	13	46	107
36	41	30	107
51	13	44	108
14	23	71	108
10	10	88	108
9	14	85	108
23	37	48	108
0	65	43	108
47	42	19	108
12	35	61	108
10	70	28	108
60	1	47	108
34	36	38	108
16	54	38	108
50	35	23	108
71	34	3	108
0	82	26	108
2	69	37	108
8	43	57	108
54	18	36	108
26	81	1	108
80	7	22	109
28	10	71	109
52	38	19	109
34	15	60	109
65	11	33	109
72	20	17	109
4	93	12	109
21	45	43	109
7	86	16	109
92	9	8	109
9	94	6	109
52	30	27	109
32	4	73	109
65	40	4	109
81	16	12	109
9	82	18	109
53	39	17	109
55	42	12	109
36	24	50	110
23	37	50	110
27	76	7	110
39	16	55	110
61	9	40	110
19	1	90	110
39	44	27	110
13	8	89	110
66	20	24	110
22	29	59	110
43	7	60	110
67	38	5	110
55	42	13	110
65	42	3	110
56	48	6	110
23	41	46	110
30	24	56	110
35	51	24	110
85	2	23	110
9	55	46	110
0	54	56	110
10	16	84	110
0	50	60	110
26	63	21	110
51	25	34	110
17	42	51	110
20	18	72	110
41	41	29	111
7	34	70	111
26	26	59	111
22	54	35	111
8	95	8	111
31	35	45	111
45	41	25	111
19	91	1	111
4	50	57	111
12	87	12	111
26	6	79	111
77	21	13	111
28	29	54	111
27	79	5	111
29	10	72	111
12	75	24	111
38	41	32	111
63	39	9	111
26	5	80	111
59	4	49	112
23	83	6	112
45	61	6	112
60	17	35	112
26	81	5	112
82	9	21	112
91	8	13	112
38	33	41	112
70	18	24	112
1	37	74	112
45	44	23	112
61	34	17	112
14	35	63	112
31	44	37	112
31	0	81	112
50	24	38	112
43	31	38	112
43	61	8	112
29	36	47	112
6	76	30	112
47	35	30	112
70	35	7	112
78	26	8	112
67	18	27	112
35	76	1	112
65	44	3	112
23	12	77	112
31	74	7	112
48	26	38	112
77	10	25	112
86	7	19	112
61	25	26	112
57	40	16	113
45	39	29	113
59	48	6	113
21	68	24	113
1	83	29	113
69	31	13	113
72	31	10	113
54	27	32	113
68	43	2	113
8	47	58	113
24	61	28	113
72	13	28	113
47	13	53	113
25	85	3	113
62	16	35	113
50	7	56	113
41	58	14	113
25	65	23	113
26	69	18	113
66	47	0	113
16	85	12	113
22	8	83	113
17	35	61	113
47	23	44	114
15	96	3	114
23	16	75	114
11	10	93	114
1	27	86	114
59	37	18	114
27	19	68	114
87	11	16	114
70	4	40	114
10	82	22	114
27	64	23	114
1	44	69	114
53	35	26	114
36	18	60	114
7	36	71	114
72	13	29	114
80	4	30	114
36	68	10	114
65	10	39	114
20	21	73	114
0	48	66	114
26	71	17	114
56	41	17	114
37	8	69	114
76	13	25	114
17	86	11	114
52	36	26	114
21	85	8	114
11	91	12	114
14	52	48	114
58	57	0	115
92	5	18	115
22	7	86	115
23	78	14	115
63	0	52	115
46	1	68	115
46	55	14	115
52	6	57	115
11	60	44	115
15	45	55	115
1	19	95	115
16	43	56	115
41	69	5	115
22	9	84	115
12	98	5	115
57	5	53	115
40	68	7	115
19	61	35	115
83	12	20	115
99	13	3	115
3	93	19	115
7	32	76	115
86	22	7	115
15	88	12	115
34	6	75	115
9	62	45	116
50	3	63	116
14	45	57	116
39	48	29	116
23	79	14	116
23	59	34	116
96	18	2	116
55	12	49	116
7	64	45	116
24	13	79	116
57	2	57	116
2	60	54	116
38	12	66	116
85	7	24	116
11	44	61	116
38	29	49	116
7	80	29	116
53	11	52	116
72	3	41	116
22	85	9	116
72	30	14	116
4	33	79	116
26	54	36	116
62	28	26	116
10	45	61	116
16	89	11	116
10	41	65	116
84	9	23	116
24	70	22	116
39	4	74	117
10	18	89	117
29	13	75	117
75	32	10	117
35	51	31	117
26	42	49	117
62	17	38	117
84	12	21	117
54	14	49	117
66	0	51	117
57	54	6	117
55	57	5	117
7	50	60	117
27	16	74	117
53	38	26	117
74	9	34	117
48	8	61	117
47	49	21	117
52	20	45	117
25	37	55	117
90	15	12	117
7	91	19	117
35	35	47	117
67	25	25	117
74	38	5	117
47	66	5	118
53	47	18	118
21	89	8	118
38	17	63	118
6	81	31	118
21	9	88	118
56	32	30	118
29	12	77	118
4	29	85	118
2	82	34	118
85	4	29	118
25	9	84	118
47	22	49	118
22	91	5	118
55	43	20	118
35	64	19	118
12	8	98	118
11	24	83	118
29	72	17	118
54	56	8	118
91	19	8	118
22	33	63	118
52	18	48	118
68	50	0	118
37	26	55	118
60	35	24	119
55	30	34	119
7	73	39	119
33	25	61	119
64	50	5	119
43	36	40	119
45	41	33	119
4	46	69	119
11	30	78	119
1	61	57	119
26	5	88	119
59	23	37	119
73	10	36	119
66	0	53	119
55	25	39	119
29	61	29	119
8	35	76	119
11	30	78	119
95	14	10	119
45	60	14	119
28	28	63	119
69	49	1	119
79	7	33	119
2	95	22	119
65	21	33	119
57	34	28	119
42	12	65	119
29	39	51	119
24	6	89	119
19	23	77	119
68	25	26	119
29	54	36	119
33	84	2	119
26	37	56	119
56	54	9	119
58	17	44	119
86	18	16	120
54	36	30	120
27	54	39	120
17	91	12	120
10	16	94	120
91	29	0	120
27	69	24	120
64	55	1	120
93	25	2	120
62	2	56	120
1	25	94	120
15	25	80	120
72	15	33	120
28	53	39	120
79	29	12	120
86	20	14	120
32	55	33	120
21	39	60	120
39	45	36	120
16	55	49	120
26	10	84	120
24	21	75	120
62	4	54	120
13	25	82	120
11	48	61	120
11	32	77	120
52	34	34	120
33	40	48	121
40	37	44	121
67	49	5	121
54	15	52	121
30	34	57	121
32	32	57	121
3	59	59	121
0	89	32	121
87	18	16	121
22	26	73	121
3	90	28	121
45	53	23	121
79	36	6	121
6	65	50	121
39	64	18	121
86	23	12	121
26	79	16	121
3	78	40	121
36	63	22	121
22	25	74	121
43	4	74	121
30	89	2	121
11	58	52	121
45	40	36	121
78	21	22	121
32	53	36	121
96	0	26	122
45	16	61	122
85	3	34	122
9	30	83	122
9	96	17	122
21	11	90	122
28	73	21	122
10	62	50	122
33	64	25	122
60	0	62	122
50	48	24	122
27	77	18	122
14	71	37	122
7	16	99	122
17	47	58	122
20	84	18	122
33	67	22	122
27	0	95	122
50	7	65	122
80	32	10	122
26	93	3	122
44	61	17	122
24	81	17	122
61	31	31	123
23	76	24	123
56	59	8	123
43	30	50	123
44	2	77	123
32	19	72	123
37	67	19	123
1	85	37	123
30	17	76	123
29	79	15	123
66	55	2	123
67	35	21	123
20	70	33	123
55	14	54	123
69	15	39	123
44	18	61	123
34	27	62	123
56	23	44	123
51	22	50	123
44	61	18	123
61	46	16	123
5	93	25	123
51	27	45	123
8	51	64	123
6	45	72	123
81	6	37	124
11	48	65	124
5	95	24	124
92	5	27	124
95	14	15	124
64	2	58	124
5	23	96	124
23	6	95	124
42	45	37	124
69	25	30	124
57	38	29	124
61	23	40	124
45	24	55	124
6	39	79	124
23	19	82	124
18	25	81	124
76	17	31	124
37	58	29	124
42	72	10	124
18	30	76	124
0	51	73	124
8	90	26	124
28	41	56	125
74	16	35	125
21	95	9	125
10	94	21	125
67	30	28	125
58	30	37	125
64	2	59	125
13	26	86	125
4	90	31	125
44	74	7	125
87	2	36	125
37	78	10	125
38	12	75	125
74	7	44	125
50	50	25	125
20	51	54	125
36	45	44	125
7	31	87	125
33	4	88	125
28	79	18	125
11	23	91	125
8	23	94	125
18	60	47	125
42	54	29	125
76	38	11	125
22	62	41	125
39	81	5	125
60	8	57	125
88	12	25	125
18	72	35	125
30	4	91	125
61	46	18	125
61	30	34	125
0	58	67	125
65	40	20	125
55	39	31	125
37	42	46	125
35	34	56	125
32	60	33	125
64	40	21	125
38	68	19	125
39	78	9	126
39	35	52	126
42	62	22	126
27	84	15	126
17	46	63	126
34	89	3	126
52	68	6	126
99	15	12	126
73	38	15	126
0	27	99	126
60	62	4	126
16	62	48	126
32	36	58	126
22	91	13	126
37	60	29	126
40	85	1	126
81	42	3	126
7	37	82	126
40	69	17	126
10	66	50	126
58	66	2	126
11	20	95	126
42	46	38	126
27	7	92	126
75	21	30	126
29	13	84	126
98	1	28	127
18	27	82	127
56	50	21	127
72	17	38	127
18	64	45	127
53	17	57	127
38	33	56	127
39	58	30	127
62	41	24	127
5	97	25	127
20	61	46	127
90	32	5	127
37	65	25	127
43	15	69	127
94	6	27	127
30	28	69	127
1	72	54	127
45	14	68	127
73	19	35	127
38	62	27	127
47	22	58	127
64	44	19	127
19	18	90	127
34	79	14	127
44	7	77	128
53	46	29	128
94	16	18	128
84	27	17	128
37	32	59	128
53	51	24	128
76	10	42	128
72	21	35	128
60	50	18	128
42	84	2	128
97	24	7	128
10	85	33	128
13	91	24	128
79	49	0	128
77	30	21	128
47	70	11	128
49	23	56	128
99	27	2	128
33	61	34	128
51	55	22	128
25	29	74	128
4	57	67	128
46	81	1	128
79	45	4	128
84	27	18	129
47	2	80	129
90	39	0	129
32	72	25	129
71	8	50	129
21	30	78	129
64	38	27	129
39	45	45	129
48	72	9	129
50	78	1	129
20	82	27	129
34	81	14	129
57	54	18	129
28	94	7	129
72	35	22	129
9	71	49	129
77	47	5	129
57	32	40	129
3	67	59	129
23	76	30	129
41	37	51	129
64	29	36	129
64	42	23	129
52	15	62	129
80	22	27	129
3	29	97	129
30	14	85	129
31	87	11	129
31	46	52	129
42	9	78	129
32	92	5	129
25	58	46	129
10	91	29	130
60	16	54	130
7	37	86	130
31	30	69	130
90	13	27	130
18	91	21	130
56	19	55	130
32	53	45	130
61	57	12	130
78	30	22	130
87	20	23	130
15	82	33	130
56	40	34	130
60	9	61	130
88	33	9	130
94	11	25	130
17	45	68	130
94	5	31	130
40	59	31	130
23	38	69	130
12	33	85	130
8	68	54	130
4	43	83	130
41	0	89	130
14	49	67	130
48	8	74	130
6	76	49	131
34	59	38	131
26	53	52	131
1	58	72	131
42	56	33	131
67	32	32	131
46	17	68	131
3	42	86	131
94	3	34	131
7	99	25	131
58	67	6	131
51	56	24	131
30	98	3	131
81	40	10	131
17	77	37	131
79	29	23	131
77	48	6	131
60	5	66	131
42	27	62	131
76	4	51	131
13	64	54	131
7	55	69	131
21	28	82	131
59	19	54	132
33	13	86	132
58	32	42	132
72	39	21	132
44	12	76	132
28	49	55	132
79	23	30	132
62	26	44	132
58	30	44	132
34	95	3	132
53	18	61	132
47	63	22	132
7	46	79	132
5	53	74	132
87	22	23	132
16	29	87	132
84	34	14	132
53	54	25	132
43	71	18	132
51	69	12	132
27	19	86	132
58	39	35	132
47	85	0	132
35	35	62	132
89	1	42	132
50	10	73	133
1	62	70	133
28	37	68	133
31	32	70	133
60	30	43	133
54	62	17	133
88	34	11	133
0	59	74	133
28	92	13	133
39	85	9	133
33	69	31	133
16	61	56	133
24	30	79	133
39	94	0	133
95	23	15	133
28	41	64	133
60	39	34	133
35	76	22	133
36	80	17	133
46	72	15	133
64	57	12	133
88	37	8	133
41	67	25	133
89	3	41	133
62	69	2	133
76	6	51	133
87	12	34	133
3	33	97	133
10	35	88	133
80	27	26	133
21	43	69	133
36	73	24	133
37	69	27	133
3	43	87	133
69	48	16	133
25	70	38	133
90	41	2	133
36	49	48	133
59	53	21	133
60	70	3	133
31	24	78	133
72	33	28	133
29	92	12	133
53	28	52	133
75	28	31	134
25	21	88	134
33	38	63	134
2	36	96	134
60	27	47	134
41	90	3	134
58	56	20	134
53	69	12	134
68	27	39	134
18	83	33	134
58	45	31	134
34	43	57	134
43	66	25	134
5	59	70	134
5	34	95	134
7	84	43	134
83	42	9	134
48	43	43	134
71	58	5	134
81	10	43	134
75	4	55	134
91	11	32	134
42	63	30	135
2	89	44	135
32	66	37	135
20	47	68	135
86	19	30	135
14	24	97	135
54	67	14	135
36	91	8	135
23	61	51	135
97	38	0	135
71	52	12	135
69	19	47	135
54	80	1	135
21	31	83	135
71	17	47	135
6	34	95	135
52	50	33	135
56	22	57	135
77	21	37	135
14	70	51	135
85	35	15	135
37	77	21	135
24	60	51	135
27	17	91	135
82	10	44	136
92	13	31	136
68	43	25	136
79	10	47	136
71	20	45	136
6	61	69	136
39	14	83	136
5	83	48	136
20	30	86	136
53	42	41	136
30	44	62	136
54	80	2	136
30	40	66	136
5	78	53	136
61	5	70	136
5	94	37	136
27	12	97	136
47	64	25	136
47	75	14	136
14	98	24	136
67	15	54	136
29	54	53	136
51	9	77	137
90	43	4	137
77	8	52	137
34	42	61	137
91	30	16	137
74	39	24	137
62	57	18	137
76	9	52	137
58	48	31	137
62	46	29	137
52	21	64	137
75	52	10	137
57	26	54	137
47	45	45	137
4	44	89	137
33	74	30	137
71	63	3	137
19	59	59	137
57	24	56	137
43	11	83	137
49	55	33	137
33	89	15	137
38	40	59	137
5	34	98	137
1	85	51	137
57	10	71	138
36	39	63	138
67	33	38	138
64	62	12	138
47	24	67	138
42	62	34	138
18	88	32	138
62	9	67	138
83	34	21	138
62	17	59	138
76	48	14	138
1	45	92	138
10	55	73	138
18	32	88	138
61	53	24	138
86	46	6	138
39	51	48	138
78	54	6	138
73	23	42	138
58	34	46	138
37	7	94	138
63	27	48	138
42	64	32	138
52	42	44	138
66	63	9	138
48	21	69	138
14	32	92	138
29	53	57	139
52	56	31	139
58	12	69	139
3	44	92	139
69	45	25	139
92	27	20	139
58	31	50	139
51	47	41	139
89	19	31	139
4	89	46	139
51	5	83	139
10	58	71	139
19	33	87	139
35	6	98	139
42	17	80	139
80	24	35	139
43	4	92	139
41	6	92	139
27	20	92	139
80	58	1	139
6	67	66	139
62	52	25	139
70	8	61	139
71	58	10	139
60	30	49	139
21	60	58	139
6	36	98	140
69	30	41	140
70	28	42	140
84	47	9	140
24	98	18	140
49	7	84	140
92	43	5	140
61	63	16	140
6	75	59	140
32	29	79	140
43	16	81	140
86	45	9	140
37	63	40	140
12	84	44	140
58	14	68	140
2	79	59	140
16	55	69	140
78	9	53	140
11	78	51	140
28	87	25	140
2	49	89	140
28	86	26	140
91	39	10	140
15	74	51	140
16	36	88	140
76	8	56	140
23	53	64	140
52	2	86	140
70	19	51	140
29	48	63	140
62	51	27	140
66	34	40	140
29	17	94	140
99	33	8	140
70	70	1	141
51	14	76	141
16	80	45	141
27	32	82	141
90	13	38	141
56	42	43	141
37	90	14	141
48	17	76	141
51	25	65	141
49	10	82	141
66	9	66	141
73	13	55	141
24	29	88	141
47	68	26	141
66	11	64	141
88	23	30	141
67	9	65	141
49	67	25	141
45	91	5	141
21	39	81	141
36	27	78	141
29	95	17	141
41	33	67	141
69	17	55	141
91	3	47	141
46	86	9	141
37	16	88	141
81	1	59	141
22	80	39	141
29	74	38	141
26	58	57	141
30	69	42	141
40	25	76	141
66	4	71	141
88	43	11	142
56	20	66	142
16	87	39	142
67	36	39	142
59	58	25	142
94	0	48	142
12	92	38	142
87	39	16	142
29	38	75	142
62	64	16	142
47	7	88	142
68	61	13	142
52	61	29	142
68	56	18	142
33	80	29	142
44	53	45	142
46	88	8	142
35	74	33	142
50	13	79	142
34	25	83	142
74	62	6	142
31	93	18	142
18	46	78	142
27	88	27	142
70	45	27	142
25	43	74	142
73	18	51	142
14	59	69	142
90	31	21	142
99	22	21	142
69	66	7	142
52	30	60	142
90	53	0	143
50	34	59	143
49	86	8	143
79	57	7	143
28	39	76	143
30	56	57	143
38	53	52	143
7	44	92	143
82	10	51	143
70	51	22	143
66	55	22	143
70	19	54	143
71	21	51	143
37	48	58	143
73	59	11	143
15	79	49	143
60	30	53	143
9	96	38	143
53	84	6	143
51	74	18	143
64	3	76	143
77	16	50	143
43	96	4	143
55	57	31	143
48	86	9	143
74	57	13	144
6	41	97	144
54	27	63	144
34	42	68	144
1	88	55	144
72	69	3	144
2	53	89	144
14	86	44	144
99	2	43	144
70	12	62	144
41	60	43	144
75	33	36	144
72	50	22	144
16	95	33	144
96	12	36	144
59	39	46	144
97	16	31	144
55	4	85	144
32	26	86	144
69	19	56	144
43	97	4	144
92	30	22	144
32	87	25	144
10	53	81	144
94	32	18	144
76	34	34	144
16	89	39	144
41	90	13	144
50	28	66	144
81	37	26	144
60	65	19	144
72	39	33	144
33	69	42	144
13	94	38	145
84	8	53	145
9	93	43	145
43	98	4	145
17	49	79	145
71	55	19	145
65	41	39	145
97	40	8	145
51	70	24	145
50	4	91	145
80	44	21	145
32	82	31	145
39	86	20	145
66	9	70	145
46	98	1	145
34	25	86	145
39	99	7	145
31	87	27	145
59	84	2	145
41	31	73	145
60	11	74	145
29	37	79	145
78	24	43	145
15	81	49	145
57	3	85	145
50	64	31	145
54	65	26	145
20	51	74	145
81	62	2	145
34	43	68	145
38	32	75	145
67	68	10	145
98	40	8	146
24	62	60	146
52	73	21	146
83	21	42	146
61	10	75	146
12	83	51	146
69	69	8	146
71	72	3	146
77	54	15	146
34	22	90	146
9	45	92	146
8	59	79	146
25	22	99	146
80	40	26	146
79	21	46	146
45	50	51	146
18	74	54	146
41	74	31	146
81	56	9	146
90	9	47	146
83	56	7	146
80	53	13	146
78	15	53	146
33	85	28	146
9	40	97	146
53	58	35	146
64	58	24	146
56	45	45	146
72	56	18	146
5	95	46	146
16	72	58	146
14	59	73	146
54	74	19	147
37	73	37	147
64	83	0	147
74	8	65	147
0	57	90	147
36	17	94	147
32	74	41	147
31	92	24	147
72	4	71	147
41	67	39	147
41	72	34	147
57	88	2	147
24	83	40	147
42	10	95	147
57	74	16	147
58	74	15	147
57	1	89	147
31	32	84	147
16	62	69	147
35	15	97	147
66	26	55	147
90	18	39	147
36	14	97	147
12	70	65	147
77	22	48	147
48	73	26	147
71	52	24	147
26	23	98	147
50	81	16	147
9	90	48	147
33	19	95	147
55	60	32	147
80	59	8	147
66	54	27	147
1	78	69	148
18	83	47	148
71	53	24	148
97	31	20	148
51	16	81	148
27	92	29	148
8	86	54	148
52	61	35	148
82	66	0	148
10	89	49	148
70	30	48	148
78	68	2	148
64	9	75	148
54	19	75	148
49	75	24	148
67	37	44	148
61	7	80	148
36	42	70	148
98	13	37	148
48	95	5	148
23	43	82	148
80	24	44	148
93	13	42	148
13	51	84	148
11	40	97	148
73	49	26	148
78	3	68	149
89	34	26	149
63	46	40	149
11	87	51	149
86	47	16	149
72	52	25	149
19	69	61	149
48	60	41	149
66	7	76	149
39	78	32	149
68	53	28	149
46	40	63	149
23	63	63	149
59	68	22	149
40	71	38	149
98	27	24	149
58	67	24	149
26	75	48	149
27	28	94	149
14	68	67	149
22	87	40	149
80	45	24	149
77	8	64	149
55	43	51	149
12	57	80	149
49	55	45	149
94	0	55	149
5	65	79	149
12	91	46	149
95	51	3	149
47	22	80	149
88	1	60	149
29	69	51	149
73	64	12	149
72	19	59	150
12	64	74	150
44	84	22	150
66	82	2	150
95	51	4	150
48	26	76	150
2	80	68	150
5	69	76	150
99	43	8	150
28	73	49	150
25	66	59	150
35	93	22	150
47	24	79	150
53	73	24	150
50	36	64	150
27	66	57	150
92	25	33	150
25	42	83	150
35	30	85	150
3	95	52	150
22	74	54	150
63	78	9	150
63	52	35	150
48	96	6	150
83	64	3	150
57	13	80	150
94	34	22	150
42	86	22	150
60	78	12	150
64	31	55	150
32	97	21	150
48	43	59	150
94	24	32	150
61	59	30	150
94	8	48	150
93	50	8	151
24	30	97	151
1	70	80	151
63	10	78	151
46	45	60	151
30	74	47	151
4	62	85	151
80	29	42	151
63	69	19	151
90	47	14	151
48	34	69	151
63	9	79	151
16	36	99	151
53	62	36	151
46	95	10	151
47	57	47	151
81	34	36	151
46	64	41	151
74	42	35	151
33	49	69	151
71	69	11	151
6	80	65	151
10	78	63	151
58	84	9	151
54	34	63	151
56	15	80	151
32	78	41	151
46	93	13	152
40	19	93	152
7	90	55	152
6	75	71	152
25	74	53	152
59	26	67	152
86	60	6	152
24	71	57	152
64	81	7	152
48	45	59	152
60	37	55	152
15	76	61	152
8	62	82	152
71	47	34	152
98	21	33	152
83	39	30	152
74	21	57	152
40	62	50	152
65	25	62	152
45	70	37	152
45	44	63	152
18	77	57	152
20	39	93	152
11	55	87	153
2	70	81	153
34	70	49	153
54	78	21	153
23	83	47	153
81	5	67	153
29	69	55	153
76	66	11	153
20	62	71	153
20	39	94	153
65	38	50	153
94	54	5	153
9	75	69	153
2	61	90	153
89	2	62	153
89	2	62	153
14	48	91	153
95	24	34	153
61	29	63	153
38	74	41	153
40	56	57	153
78	72	3	153
65	1	87	153
23	81	49	153
63	71	19	153
73	70	10	153
95	20	38	153
55	84	14	153
2	57	94	153
24	80	49	153
89	28	36	153
71	49	33	153
76	15	62	153
48	25	80	153
79	36	38	153
66	26	61	153
37	78	38	153
28	75	50	153
25	53	76	154
36	56	62	154
94	44	16	154
54	68	32	154
96	48	10	154
80	1	73	154
17	47	90	154
59	18	77	154
51	48	55	154
82	40	32	154
61	42	51	154
78	11	65	154
45	44	65	154
85	16	53	154
57	60	37	154
15	63	76	154
61	27	66	154
38	86	30	154
37	42	75	154
34	65	55	154
9	86	59	154
12	82	60	154
30	34	90	154
76	70	8	154
62	42	50	154
60	38	56	154
29	87	38	154
89	42	23	154
31	34	89	154
99	35	20	154
60	54	40	154
92	52	10	154
3	53	99	155
13	82	60	155
39	90	26	155
6	57	92	155
44	74	37	155
82	49	24	155
88	17	50	155
99	43	13	155
59	8	88	155
60	30	65	155
64	49	42	155
45	50	60	155
19	52	84	155
29	84	42	155
8	79	68	155
3	63	89	155
34	50	71	155
20	36	99	155
0	77	78	155
52	31	72	155
14	90	51	155
53	94	8	155
57	3	95	155
61	89	5	155
81	44	30	155
45	90	20	155
30	65	60	155
78	12	65	155
10	78	67	155
63	4	88	155
1	73	81	155
0	82	73	155
41	31	84	156
3	80	73	156
17	50	89	156
88	10	58	156
81	31	44	156
2	57	97	156
22	55	79	156
27	47	82	156
62	30	64	156
82	52	22	156
30	62	64	156
54	53	49	156
73	60	23	156
94	23	39	156
68	70	18	156
31	70	55	156
72	15	69	156
69	15	72	156
32	95	29	156
63	53	41	157
3	84	70	157
96	50	11	157
27	82	48	157
94	4	59	157
10	97	50	157
62	80	15	157
94	17	46	157
19	80	58	157
89	18	50	157
11	93	53	157
1	70	86	157
7	84	66	157
38	34	85	157
62	64	31	157
62	36	59	157
17	47	93	157
70	34	53	157
44	66	47	157
52	88	17	157
22	67	68	157
72	72	13	157
71	77	9	157
63	55	39	157
38	60	59	157
37	82	38	157
92	32	33	157
63	91	3	157
31	98	28	157
66	53	38	157
90	11	56	157
0	58	99	157
14	74	69	157
29	87	42	158
85	9	64	158
99	18	41	158
33	58	67	158
64	46	48	158
56	78	24	158
94	8	56	158
91	63	4	158
99	22	37	158
25	96	37	158
68	75	15	158
5	86	67	158
31	76	51	158
50	12	96	158
53	79	26	158
76	53	29	158
35	27	96	158
92	10	56	158
86	35	37	158
21	61	76	158
82	65	11	158
51	96	11	158
33	44	81	158
23	50	85	158
42	43	73	158
48	47	63	158
66	45	47	158
3	62	93	158
33	58	67	158
42	92	24	158
61	29	68	158
19	63	76	158
27	95	37	159
25	56	78	159
83	2	74	159
76	8	75	159
94	30	35	159
15	94	50	159
62	13	84	159
86	57	16	159
86	28	45	159
25	54	80	159
48	13	98	159
40	77	42	159
83	53	23	159
72	37	50	159
60	32	67	159
33	89	37	159
10	92	57	159
46	48	65	159
75	52	32	159
52	55	52	159
14	94	51	159
37	42	80	159
72	87	0	159
26	43	90	159
62	46	51	159
44	64	51	159
68	21	70	159
47	33	79	159
82	8	69	159
48	46	66	160
43	45	72	160
14	97	49	160
92	66	2	160
94	35	31	160
59	87	14	160
67	52	41	160
74	44	42	160
59	90	11	160
11	67	82	160
23	51	86	160
41	45	74	160
51	77	32	160
90	50	20	160
55	24	81	160
92	27	41	160
97	53	10	160
36	46	78	160
70	3	87	160
39	99	22	160
60	81	19	160
37	50	73	160
4	91	65	160
63	90	7	160
74	17	69	160
82	22	56	160
93	3	64	160
71	71	18	160
9	75	76	160
27	36	97	160
9	90	61	160
51	71	38	160
1	90	70	161
50	40	71	161
55	97	9	161
43	83	35	161
44	65	52	161
52	48	61	161
49	96	16	161
32	38	91	161
48	24	89	161
53	90	18	161
58	92	11	161
25	88	48	161
25	76	60	161
42	21	98	161
61	16	84	161
72	12	77	161
80	46	35	161
87	27	47	161
28	37	96	161
51	18	92	161
21	72	68	161
24	87	50	161
24	88	49	161
14	80	67	161
86	4	71	161
81	44	36	161
96	15	50	161
59	66	36	161
37	54	71	162
21	79	62	162
68	7	87	162
55	46	61	162
73	20	69	162
55	96	11	162
86	57	19	162
50	29	83	162
84	41	37	162
72	18	72	162
77	5	80	162
99	50	13	162
63	3	96	162
51	78	33	162
28	67	67	162
5	78	79	162
48	77	37	162
91	62	9	162
94	37	31	162
67	50	45	162
64	54	44	162
79	2	81	162
95	6	61	162
98	33	31	162
40	42	80	162
29	64	70	163
61	70	32	163
17	80	66	163
95	62	6	163
42	40	81	163
29	37	97	163
85	1	77	163
95	53	15	163
9	91	63	163
37	35	91	163
98	38	27	163
52	31	80	163
71	35	57	163
80	81	2	163
78	58	27	163
19	72	72	163
66	91	6	163
57	32	74	163
71	54	38	163
64	76	23	163
18	88	57	163
53	51	59	163
50	51	62	163
32	52	79	163
50	28	85	163
64	73	26	163
58	7	98	163
41	78	44	163
5	98	60	163
22	74	67	163
13	96	54	163
96	32	36	164
72	52	40	164
78	52	34	164
47	45	72	164
21	58	85	164
66	71	27	164
22	94	48	164
69	4	91	164
41	35	88	164
2	70	92	164
35	51	78	164
93	25	46	164
72	38	54	164
96	55	13	164
66	84	14	164
91	3	70	164
81	40	43	164
45	28	91	164
8	83	73	164
17	85	62	164
89	44	31	164
98	42	24	164
83	17	64	164
59	30	75	164
99	27	38	164
83	18	63	164
53	73	38	164
58	56	50	164
0	80	84	164
45	78	41	164
9	72	84	165
28	63	74	165
27	83	55	165
50	79	36	165
61	72	32	165
93	37	35	165
73	75	17	165
91	58	16	165
31	63	71	165
27	58	80	165
82	12	71	165
98	51	16	165
5	87	73	165
73	18	74	165
11	70	84	165
41	36	88	165
76	66	23	165
69	71	25	165
24	52	89	165
61	94	10	165
54	87	24	165
92	15	58	165
50	94	21	165
47	95	23	165
19	95	51	165
80	29	56	165
61	86	18	165
86	2	77	165
77	70	18	165
75	44	46	165
55	77	33	165
61	17	87	165
35	98	32	165
85	76	4	165
55	39	71	165
13	65	87	165
87	10	68	165
5	78	82	165
26	67	72	165
81	22	63	166
33	81	52	166
64	23	79	166
36	85	45	166
80	24	62	166
9	74	83	166
91	18	57	166
99	43	24	166
35	85	46	166
55	21	90	166
92	60	14	166
5	93	68	166
85	26	55	166
80	33	53	166
87	19	60	166
14	90	62	166
59	22	85	166
20	56	90	166
25	88	53	166
57	65	44	166
28	46	92	166
59	32	75	166
4	79	83	166
79	20	67	166
66	1	99	166
91	72	3	166
68	67	31	166
88	68	10	166
85	42	40	167
54	60	53	167
78	30	59	167
12	81	74	167
86	37	44	167
6	84	77	167
81	54	32	167
38	46	83	167
20	55	92	167
63	62	42	167
0	71	96	167
64	28	75	167
86	24	57	167
20	98	49	167
14	76	77	167
57	91	19	167
17	61	89	167
67	74	26	167
47	75	45	167
57	52	58	167
66	48	53	167
67	51	49	167
91	55	21	167
71	44	52	167
48	31	88	167
20	52	95	167
79	27	61	167
56	14	97	167
90	17	60	167
99	35	33	167
9	88	70	167
10	73	85	168
57	53	58	168
44	28	96	168
69	36	63	168
46	28	94	168
90	46	32	168
97	20	51	168
68	68	32	168
76	14	78	168
67	44	57	168
68	20	80	168
78	76	14	168
95	43	30	168
89	56	23	168
43	56	69	168
97	7	64	168
29	79	60	168
71	44	53	168
52	78	38	168
77	30	61	168
36	46	86	168
63	34	71	168
25	91	52	168
56	92	21	169
61	90	18	169
46	32	91	169
47	47	75	169
9	98	62	169
34	44	91	169
38	52	79	169
74	32	63	169
93	3	73	169
72	50	47	169
39	61	69	169
64	70	35	169
54	66	49	169
60	26	83	169
78	38	53	169
81	80	8	169
88	63	18	169
34	88	47	169
52	20	97	169
49	67	53	169
72	85	12	169
96	24	49	169
85	47	38	170
73	62	35	170
31	97	42	170
71	99	0	170
95	35	40	170
71	85	14	170
78	41	51	170
71	34	65	170
77	60	33	170
21	94	55	170
66	8	96	170
91	4	75	170
52	42	76	170
81	18	71	170
51	68	51	170
47	35	88	170
92	40	38	170
86	36	48	170
6	73	91	170
98	30	43	171
1	72	98	171
62	60	49	171
10	98	63	171
13	86	72	171
71	87	13	171
98	4	69	171
52	34	85	171
53	71	47	171
19	94	58	171
51	54	66	171
89	73	9	171
43	98	30	171
75	9	87	171
95	2	74	171
53	87	31	171
64	85	22	171
50	39	82	171
40	46	85	171
97	61	13	171
31	98	42	171
54	62	55	171
41	49	81	171
15	64	92	171
41	53	77	171
56	25	90	171
24	59	88	171
97	29	45	171
84	12	75	171
64	60	48	172
80	89	3	172
55	48	69	172
71	8	93	172
75	86	11	172
20	63	89	172
84	19	69	172
99	37	36	172
77	50	45	172
77	44	51	172
69	30	73	172
25	64	83	172
17	81	74	172
98	54	20	172
32	91	49	172
28	74	70	172
77	63	32	172
69	42	61	172
39	34	99	172
82	15	75	172
80	50	42	172
56	82	34	172
73	18	81	172
60	94	18	172
72	2	98	172
7	90	75	172
16	74	82	172
88	63	21	172
47	60	65	172
87	24	61	172
89	43	40	172
38	47	87	172
9	76	87	172
82	53	37	172
64	32	77	173
94	75	4	173
35	64	74	173
56	27	90	173
58	47	68	173
23	78	72	173
18	70	85	173
27	95	51	173
50	72	51	173
36	70	67	173
86	12	75	173
50	58	65	173
1	99	73	173
47	94	32	173
87	0	86	173
83	88	2	173
87	43	43	173
59	54	60	173
46	47	80	173
51	82	40	173
81	29	63	173
99	18	56	173
77	71	25	173
62	83	28	173
41	73	59	173
68	23	83	174
67	21	86	174
89	60	25	174
72	99	3	174
12	83	79	174
97	56	21	174
82	71	21	174
36	47	91	174
55	25	94	174
89	38	47	174
55	80	39	174
18	90	66	174
49	38	87	174
68	84	22	174
48	57	69	174
45	49	80	174
1	87	86	174
63	55	56	174
29	82	63	174
88	10	76	174
50	63	61	174
24	69	81	174
99	56	19	174
77	10	87	174
91	5	78	174
74	68	32	174
80	1	93	174
77	92	6	175
7	96	72	175
65	90	20	175
94	49	32	175
47	47	81	175
80	31	64	175
56	86	33	175
69	71	35	175
42	91	42	175
50	54	71	175
48	44	83	175
64	64	47	175
54	79	42	175
50	28	97	175
31	75	69	175
67	71	37	175
65	68	42	175
72	41	62	175
15	64	96	175
14	86	75	175
67	78	30	175
10	80	85	175
65	72	38	175
79	0	96	175
85	71	19	175
69	70	36	175
60	59	56	175
41	79	55	175
50	87	38	175
55	50	70	175
6	83	86	175
99	13	63	175
78	4	94	176
5	91	80	176
47	93	36	176
77	55	44	176
35	42	99	176
59	52	65	176
85	66	25	176
16	64	96	176
55	98	23	176
81	95	0	176
52	95	29	176
32	48	96	176
64	90	22	176
57	41	78	176
99	70	7	176
74	46	56	176
86	0	90	176
56	52	68	176
45	53	78	176
89	0	87	176
6	89	82	177
65	44	68	177
38	91	48	177
36	90	51	177
62	66	49	177
36	75	66	177
61	46	70	177
41	74	62	177
48	95	34	177
68	93	16	177
22	58	97	177
92	42	43	177
67	17	93	177
50	50	77	177
82	19	76	177
22	85	70	177
94	7	76	177
58	36	83	177
95	71	11	177
36	87	54	177
79	64	34	177
93	71	13	177
36	95	46	177
64	64	49	177
81	55	41	177
15	71	91	177
1	88	88	177
56	77	44	177
77	13	87	177
78	63	37	178
83	32	63	178
97	79	2	178
83	56	39	178
22	93	63	178
39	73	66	178
92	78	8	178
16	76	86	178
64	72	42	178
77	90	11	178
69	73	36	178
34	45	99	178
45	65	68	178
23	81	74	178
33	54	91	178
87	53	38	178
62	70	46	178
16	72	90	178
41	52	85	178
92	48	38	178
17	96	66	179
72	31	76	179
89	22	68	179
59	24	96	179
70	55	54	179
83	74	22	179
65	40	74	179
29	73	77	179
61	60	58	179
78	77	24	179
14	79	86	179
62	46	71	179
82	36	61	179
82	1	96	179
95	11	73	179
90	62	27	179
52	72	55	179
74	55	50	179
51	43	85	179
76	38	65	179
9	92	78	179
97	48	34	179
51	75	53	179
88	29	62	179
88	51	40	179
46	74	59	179
33	47	99	179
20	64	95	179
32	62	85	179
37	48	95	180
40	70	70	180
82	80	18	180
82	51	47	180
54	61	65	180
43	93	44	180
83	77	20	180
24	58	98	180
12	96	72	180
10	75	95	180
74	26	80	180
68	73	39	180
37	56	87	180
16	93	71	180
22	80	78	180
53	52	75	180
51	67	62	180
65	84	31	180
25	82	73	180
79	13	89	181
91	52	38	181
7	81	93	181
82	22	77	181
20	77	84	181
24	95	62	181
51	34	96	181
86	90	5	181
92	58	31	181
35	80	66	181
42	73	66	181
98	7	76	181
61	60	60	181
66	82	33	181
51	44	86	181
63	78	40	181
60	24	97	181
32	62	87	181
56	97	28	181
98	57	26	181
56	89	36	181
41	75	65	181
8	75	98	181
79	79	23	181
58	53	70	181
31	83	67	181
86	2	93	181
5	79	97	181
76	23	82	181
94	82	5	181
67	35	79	181
81	69	32	182
85	30	67	182
46	90	46	182
87	76	19	182
55	52	75	182
62	30	90	182
48	60	74	182
98	69	15	182
87	65	30	182
18	83	81	182
54	34	94	182
87	62	33	182
56	87	39	182
48	96	38	182
83	4	95	182
77	87	18	182
57	82	43	182
97	74	11	182
45	96	41	182
13	74	95	182
92	60	30	182
61	41	80	182
48	66	68	182
6	99	77	182
83	4	95	182
38	63	81	182
25	96	61	182
79	45	58	182
75	84	23	182
11	96	76	183
66	65	52	183
26	89	68	183
90	5	88	183
51	35	97	183
65	33	85	183
88	24	71	183
69	84	30	183
49	69	65	183
88	2	93	183
60	88	35	183
85	45	53	183
11	74	98	183
64	21	98	183
73	61	49	183
56	55	72	183
85	62	36	183
74	77	32	183
16	89	78	183
91	50	42	183
68	83	32	183
20	72	91	183
85	95	3	183
5	81	97	183
10	92	81	183
40	65	78	183
68	29	86	183
37	97	49	183
38	75	70	183
68	57	58	183
66	98	20	184
76	69	39	184
23	79	82	184
86	7	91	184
91	78	15	184
94	64	26	184
70	93	21	184
67	90	27	184
88	84	12	184
87	36	61	184
97	4	83	184
56	71	57	184
44	73	67	184
70	79	35	184
64	42	78	184
95	62	27	184
68	35	81	184
56	78	50	184
85	69	30	184
20	89	75	184
50	57	77	184
34	97	53	184
46	72	66	184
63	43	78	184
38	92	54	184
95	67	22	184
74	58	52	184
38	99	47	184
86	89	9	184
17	98	69	184
72	42	71	185
44	95	46	185
93	63	29	185
6	83	96	185
61	27	97	185
80	92	13	185
63	35	87	185
44	46	95	185
25	73	87	185
14	77	94	185
72	79	34	185
93	54	38	185
14	97	74	185
38	98	49	185
77	54	54	185
62	96	27	185
82	19	84	185
30	71	84	185
60	69	56	185
57	82	46	185
94	27	64	185
18	99	68	185
83	70	32	185
46	73	66	185
74	20	91	185
88	44	53	185
84	97	4	185
79	66	40	185
78	48	59	185
97	16	73	186
57	45	84	186
97	15	74	186
60	52	74	186
31	89	66	186
65	79	42	186
33	99	54	186
89	77	20	186
70	64	52	186
42	84	60	186
47	99	40	186
69	58	59	186
53	51	82	186
68	64	54	186
83	60	43	186
88	88	10	186
91	34	61	186
76	95	15	186
83	9	94	186
10	78	98	186
23	85	78	186
71	32	83	186
44	82	61	187
84	70	33	187
0	94	93	187
83	34	70	187
5	91	91	187
48	90	49	187
48	54	85	187
69	68	50	187
92	71	24	187
39	62	86	187
22	94	71	187
25	66	96	187
62	46	79	187
90	66	31	187
10	96	81	187
72	49	66	187
11	86	90	187
97	68	22	187
50	87	50	187
56	95	36	187
74	16	97	187
46	53	88	187
74	75	38	187
52	48	87	187
11	98	78	187
69	61	57	187
85	76	26	187
62	38	87	187
81	60	46	187
64	36	87	187
77	82	28	187
94	13	80	187
82	85	21	188
85	31	72	188
71	27	90	188
87	11	90	188
63	71	54	188
88	71	29	188
93	34	61	188
21	80	87	188
81	67	40	188
95	20	73	188
98	63	27	188
6	90	92	188
74	17	97	188
84	96	8	188
73	33	82	188
64	72	52	188
85	85	18	188
54	87	47	188
19	89	80	188
40	54	94	188
92	93	3	188
98	36	54	188
48	42	98	188
67	38	83	188
67	54	67	188
84	73	31	188
80	45	63	188
94	82	12	188
82	65	41	188
80	71	38	189
79	11	99	189
79	11	99	189
57	97	35	189
64	74	51	189
35	69	85	189
0	92	97	189
80	67	42	189
72	37	80	189
74	33	82	189
35	63	91	189
84	99	6	189
88	40	61	189
42	78	69	189
85	20	84	189
41	72	76	189
62	99	28	189
29	85	75	189
23	82	84	189
33	74	82	189
90	81	18	189
54	98	37	189
22	70	97	189
89	31	69	189
41	70	78	189
87	19	83	189
75	43	71	189
84	29	76	189
47	48	95	190
95	77	18	190
34	82	74	190
53	57	80	190
90	65	35	190
39	67	84	190
61	31	98	190
61	82	47	190
89	51	50	190
56	89	45	190
91	67	32	190
99	72	19	190
49	65	76	190
99	28	63	190
94	33	63	190
80	80	30	190
93	12	85	190
27	73	90	190
4	94	92	190
45	47	98	190
23	90	77	190
73	21	96	190
35	83	73	191
64	39	88	191
93	85	13	191
50	89	52	191
76	83	32	191
92	65	34	191
43	80	68	191
35	59	97	191
96	48	47	191
16	89	86	191
65	92	34	191
78	30	83	191
48	61	82	191
21	83	87	191
63	54	74	191
46	73	72	191
96	20	75	191
34	99	58	191
43	91	57	191
87	25	79	191
63	85	43	191
61	84	46	191
39	67	85	191
67	71	54	192
95	42	55	192
59	54	79	192
93	32	67	192
40	94	58	192
48	80	64	192
40	59	93	192
30	99	63	192
8	89	95	192
90	78	24	192
92	62	38	192
24	69	99	192
44	78	70	192
16	93	83	192
4	96	92	192
58	94	40	192
81	47	64	192
53	40	99	192
86	92	14	192
80	77	35	192
73	28	91	192
52	48	92	192
81	25	87	193
82	69	42	193
84	44	65	193
17	82	94	193
95	92	6	193
93	53	47	193
55	84	54	193
81	56	56	193
81	76	36	193
42	80	71	193
98	5	90	193
59	95	39	193
80	63	50	193
69	45	79	193
71	60	62	193
77	90	26	193
92	92	9	193
68	57	68	193
80	31	82	193
82	43	68	193
83	92	18	193
90	14	89	193
99	22	72	193
36	76	81	193
58	74	61	193
24	82	87	193
96	54	44	194
96	30	68	194
53	94	47	194
95	70	29	194
77	71	46	194
14	91	89	194
53	97	44	194
95	76	23	194
90	7	97	194
98	76	20	194
70	75	49	194
50	55	89	194
80	77	37	194
27	72	95	194
81	25	88	194
62	95	37	194
94	49	51	194
33	95	66	194
96	90	8	194
28	92	74	194
76	52	66	194
86	19	89	194
66	80	48	194
57	58	80	195
89	71	35	195
90	6	99	195
48	56	91	195
25	99	71	195
58	84	53	195
47	55	93	195
72	73	50	195
79	34	82	195
33	89	73	195
10	87	98	195
85	81	29	195
40	86	69	195
34	92	69	195
36	67	92	195
51	96	49	196
96	66	34	196
68	62	66	196
69	60	67	196
77	94	25	196
64	55	77	196
40	79	77	196
11	99	86	196
64	96	36	196
65	77	54	196
78	87	31	196
39	71	86	196
86	71	39	196
83	34	79	196
86	57	53	196
1	97	98	196
97	51	48	196
44	88	64	196
37	94	65	196
52	80	64	196
94	53	49	196
88	93	16	197
71	76	50	197
43	78	76	197
75	92	30	197
35	69	93	197
28	83	86	197
86	80	31	197
33	80	84	197
46	70	81	197
90	80	27	197
46	84	67	197
29	81	87	197
63	46	88	197
97	79	21	197
74	82	41	197
75	50	72	197
73	65	59	197
28	93	77	198
41	66	91	198
97	88	13	198
91	15	92	198
47	53	98	198
69	34	95	198
60	81	57	198
33	98	67	198
13	97	88	198
62	43	93	198
85	59	54	198
76	97	25	198
48	64	86	198
65	80	53	198
95	34	69	198
82	26	90	198
32	83	83	198
95	6	97	198
69	83	46	198
64	62	72	198
22	79	98	199
77	68	54	199
35	65	99	199
27	89	83	199
86	57	56	199
78	40	81	199
53	94	52	199
28	89	82	199
49	57	93	199
71	92	36	199
58	71	70	199
89	77	33	199
85	24	90	199
29	88	82	199
34	83	82	199
88	58	53	199
90	51	58	199
53	64	82	199
82	24	93	199
81	24	95	200
69	89	42	200
26	96	78	200
69	61	70	200
85	91	24	200
43	79	78	200
44	78	78	200
79	62	59	200
52	70	78	200
56	80	64	200
27	78	95	200
57	88	55	200
91	57	52	200
48	73	79	200
77	54	69	200
87	22	91	200
93	34	73	200
92	93	16	201
81	26	94	201
86	78	37	201
98	82	21	201
50	79	72	201
44	92	65	201
17	94	90	201
80	22	99	201
58	71	72	201
64	41	96	201
31	76	94	201
47	78	76	201
52	99	50	201
55	65	81	201
83	70	48	201
66	82	53	201
78	46	77	201
29	82	90	201
85	81	35	201
55	98	48	201
95	71	35	201
85	20	96	201
29	96	76	201
81	46	75	202
79	47	76	202
21	83	98	202
14	99	89	202
49	94	59	202
92	84	26	202
91	54	57	202
91	93	18	202
58	86	58	202
92	70	40	202
92	73	37	202
41	94	67	202
90	33	79	202
77	79	46	202
49	61	92	202
77	36	89	202
90	82	30	202
37	79	86	202
92	89	21	202
52	79	71	202
86	54	62	202
49	82	71	202
84	46	72	202
93	30	79	202
84	55	63	202
28	94	80	202
32	75	95	202
81	26	95	202
58	98	46	202
53	51	99	203
66	84	53	203
55	78	70	203
81	98	24	203
52	65	86	203
94	68	41	203
53	84	66	203
98	37	68	203
94	82	27	203
30	90	83	203
50	85	68	203
79	46	78	203
91	91	21	203
92	54	57	203
93	24	86	203
41	78	84	203
76	47	81	204
43	83	78	204
34	74	96	204
95	57	52	204
82	37	85	204
87	37	80	204
49	92	63	204
63	78	63	204
51	78	75	204
86	90	28	204
18	96	90	204
92	47	65	204
89	91	25	205
31	90	84	205
97	68	40	205
68	66	71	205
71	69	65	205
79	50	76	205
75	69	61	205
37	69	99	205
19	90	96	205
43	71	91	205
86	51	68	205
61	66	78	205
90	23	92	205
84	69	52	205
70	99	36	205
62	53	90	205
86	67	52	205
53	97	55	205
25	97	83	205
76	94	36	206
93	77	36	206
83	89	34	206
88	47	71	206
76	71	59	206
60	84	62	206
83	90	33	206
33	93	80	206
72	42	92	206
48	85	73	206
76	84	46	206
71	57	78	206
86	28	92	206
78	85	43	206
79	62	65	206
86	99	21	206
82	82	42	206
85	30	91	206
96	88	22	206
56	57	93	206
76	93	37	206
88	40	78	206
26	83	97	206
60	56	90	206
84	31	92	207
89	22	96	207
74	85	48	207
76	48	83	207
65	45	97	207
72	67	68	207
89	87	31	207
97	90	20	207
64	58	85	207
76	42	89	207
50	93	64	207
62	67	78	207
71	88	48	207
91	94	22	207
71	71	65	207
83	50	74	207
63	52	93	208
77	58	73	208
84	74	50	208
35	82	91	208
88	36	84	208
97	96	15	208
94	36	78	208
58	69	81	208
75	96	37	208
55	68	86	209
80	86	43	209
89	87	33	209
59	82	68	209
85	75	49	209
91	41	77	209
81	51	77	209
67	80	62	209
63	50	96	209
81	43	85	209
95	20	94	209
92	51	66	209
92	35	82	209
70	40	99	209
70	94	45	209
96	85	28	209
92	83	34	209
78	61	70	209
79	91	39	209
64	73	73	210
98	86	26	210
80	62	68	210
83	77	50	210
49	64	97	210
70	68	72	210
72	63	75	210
97	57	56	210
36	89	85	210
43	74	93	210
53	87	71	211
99	73	39	211
57	74	80	211
83	92	36	211
53	96	62	211
58	82	71	211
81	42	88	211
88	87	36	211
83	62	66	211
74	45	92	211
43	95	73	211
97	89	25	211
70	72	69	211
97	98	16	211
98	97	16	211
31	98	82	211
59	94	58	211
79	51	81	211
90	96	25	211
87	97	27	211
94	29	88	211
95	91	25	211
82	34	96	212
83	97	32	212
43	75	94	212
48	99	65	212
80	90	42	212
94	41	77	212
44	70	98	212
97	68	47	212
83	65	64	212
79	58	75	212
67	74	71	212
77	58	77	212
68	72	73	213
68	58	87	213
65	56	92	213
26	93	94	213
77	85	51	213
60	88	65	213
78	98	37	213
30	85	98	213
94	64	55	213
97	87	29	213
86	60	68	214
37	94	83	214
72	66	76	214
77	53	84	214
38	97	79	214
81	35	98	214
81	97	36	214
43	88	83	214
77	39	98	214
36	94	84	214
93	45	76	214
86	97	31	214
48	97	69	214
72	66	76	214
72	62	80	214
76	95	43	214
78	43	94	215
89	43	83	215
23	99	93	215
70	96	49	215
83	99	33	215
44	92	79	215
63	53	99	215
57	74	84	215
55	89	71	215
79	92	44	215
76	55	84	215
98	29	88	215
86	56	73	215
86	45	84	215
88	91	36	215
95	23	97	215
86	45	84	215
54	62	99	215
28	90	97	215
70	70	75	215
66	69	80	215
35	90	90	215
57	89	69	215
40	94	81	215
64	73	79	216
59	99	58	216
77	42	97	216
36	95	85	216
60	70	86	216
61	79	76	216
81	91	44	216
79	43	94	216
80	91	45	216
86	71	59	216
83	38	95	216
40	87	89	216
71	93	53	217
88	78	51	217
61	87	69	217
91	79	47	217
91	36	90	217
77	96	44	217
58	90	69	217
57	71	89	217
27	93	97	217
57	98	62	217
69	83	65	217
75	59	83	217
36	84	97	217
81	49	88	218
87	35	96	218
83	63	72	218
97	67	54	218
76	85	57	218
48	71	99	218
79	56	83	218
64	62	92	218
74	65	79	218
43	93	82	218
65	62	91	218
61	87	70	218
56	76	86	218
94	31	93	218
59	70	89	218
58	94	66	218
73	98	47	218
70	77	72	219
66	92	61	219
64	90	65	219
54	82	83	219
93	33	93	219
44	87	88	219
72	69	78	219
77	75	67	219
28	96	95	219
65	56	98	219
37	93	89	219
92	51	76	219
93	92	35	220
81	91	48	220
87	86	47	220
96	42	82	220
81	74	65	220
46	90	84	220
93	86	41	220
79	43	98	220
82	42	96	220
75	91	54	220
94	87	39	220
71	65	84	220
88	34	99	221
72	91	58	221
38	98	85	221
56	75	90	221
82	46	93	221
63	98	60	221
71	54	96	221
75	63	83	221
66	69	86	221
88	85	48	221
99	29	93	221
91	90	40	221
66	62	94	222
84	77	61	222
45	83	94	222
92	41	89	222
83	93	46	222
86	62	74	222
72	55	96	223
99	52	72	223
88	94	41	223
60	97	66	223
55	98	70	223
58	90	75	223
40	90	93	223
74	93	56	223
98	47	78	223
58	68	97	223
99	88	36	223
77	89	58	224
79	74	71	224
90	75	59	224
60	87	77	224
93	77	54	224
49	91	84	224
66	67	91	224
77	62	85	224
68	61	95	224
78	82	64	224
91	77	56	224
87	65	73	225
93	60	72	225
46	94	85	225
40	86	99	225
87	55	83	225
99	77	49	225
99	54	72	225
90	54	81	225
96	47	83	226
93	84	49	226
84	76	66	226
82	56	88	226
93	62	71	226
85	53	88	226
69	65	92	226
99	78	49	226
53	90	83	226
65	72	89	226
82	54	90	226
98	63	65	226
60	72	94	226
89	95	43	227
74	85	68	227
96	75	56	227
91	65	71	227
71	73	83	227
96	75	56	227
99	72	56	227
66	96	65	227
78	84	66	228
79	73	76	228
66	90	72	228
86	43	99	228
50	88	90	228
69	67	92	228
77	86	65	228
98	91	39	228
97	35	96	228
71	94	63	228
84	54	90	228
66	77	85	228
81	56	91	228
81	92	56	229
99	44	86	229
85	69	75	229
87	76	66	229
67	80	82	229
66	72	91	229
67	89	73	229
47	90	92	229
96	80	53	229
86	78	66	230
80	56	94	230
94	74	62	230
84	54	92	230
97	56	77	230
66	80	84	230
88	94	48	230
90	94	46	230
79	83	68	230
66	95	69	230
81	87	62	230
91	86	53	230
89	87	54	230
84	89	58	231
90	67	74	231
87	89	55	231
96	58	77	231
84	81	66	231
97	69	65	231
91	55	85	231
53	89	89	231
99	60	72	231
97	48	86	231
70	74	88	232
81	80	71	232
58	92	82	232
90	93	49	232
90	65	78	233
64	81	88	233
91	55	87	233
90	81	62	233
64	70	99	233
94	84	55	233
56	91	86	233
59	89	85	233
94	50	90	234
83	91	60	234
71	84	79	234
46	93	95	234
83	54	97	234
50	94	90	234
99	42	93	234
96	73	65	234
66	85	83	234
57	89	89	235
94	88	53	235
51	88	96	235
89	88	58	235
57	95	83	235
91	72	72	235
94	50	91	235
80	93	62	235
92	56	88	236
99	48	89	236
86	64	86	236
72	96	68	236
76	89	71	236
86	68	82	236
61	99	77	237
84	64	89	237
95	59	83	237
90	71	76	237
91	78	68	237
82	70	85	237
91	85	61	237
51	96	90	237
86	70	81	237
88	78	71	237
65	79	94	238
64	89	85	238
65	85	88	238
88	71	79	238
70	88	80	238
64	93	81	238
87	97	55	239
84	60	95	239
75	70	94	239
93	71	75	239
84	80	75	239
79	81	79	239
61	80	98	239
75	65	99	239
60	91	88	239
71	78	90	239
95	51	94	240
69	90	81	240
79	67	94	240
72	69	99	240
93	87	60	240
93	65	82	240
75	87	79	241
77	90	74	241
53	95	93	241
71	72	98	241
94	81	66	241
97	75	69	241
63	80	98	241
85	82	75	242
62	90	90	242
99	84	59	242
99	66	77	242
82	89	71	242
60	96	86	242
91	75	77	243
94	99	50	243
87	62	94	243
97	96	50	243
74	95	74	243
54	96	94	244
88	62	94	244
85	82	77	244
82	78	84	244
66	80	98	244
94	74	76	244
81	73	90	244
98	60	86	244
77	75	93	245
92	69	84	245
75	82	88	245
93	77	75	245
94	93	59	246
65	87	94	246
67	89	90	246
94	53	99	246
99	60	87	246
93	60	93	246
74	90	83	247
58	97	92	247
93	82	72	247
78	97	72	247
83	92	72	247
69	99	79	247
76	89	82	247
70	98	80	248
70	91	87	248
94	55	99	248
68	98	82	248
88	65	95	248
93	92	63	248
81	95	73	249
88	84	77	249
97	93	59	249
96	79	74	249
99	84	67	250
86	80	84	250
94	89	67	250
90	65	95	250
67	95	88	250
95	59	97	251
96	67	88	251
94	81	76	251
93	92	66	251
78	96	78	252
91	80	81	252
94	89	69	252
69	84	99	252
73	97	82	252
88	78	86	252
85	87	81	253
97	86	70	253
86	78	89	253
80	97	76	253
78	99	76	253
82	76	96	254
93	78	83	254
95	74	85	254
70	93	92	255
98	88	69	255
81	77	98	256
72	89	95	256
66	97	93	256
64	98	95	257
71	98	88	257
94	71	93	258
73	86	99	258
96	89	73	258
83	98	77	258
86	73	99	258
81	86	92	259
85	75	99	259
93	81	86	260
70	95	95	260
66	96	98	260
78	99	83	260
97	90	74	261
97	97	67	261
89	82	90	261
94	91	77	262
78	95	89	262
74	97	91	262
83	88	91	262
80	92	91	263
99	81	83	263
83	99	81	263
84	87	92	263
87	80	97	264
98	67	99	264
83	91	91	265
73	97	96	266
75	96	96	267
96	74	97	267
86	89	93	268
93	83	92	268
82	92	95	269
97	98	75	270
98	78	94	270
91	94	87	272
98	81	93	272
80	96	97	273
86	98	92	276
92	87	97	276
99	81	96	276
89	92	97	278
95	97	88	280
96	88	98	282
97	88	98	283
94	98	93	285
98	90	97	285
99	92	96	287
1199
